1111111111111111111111111111111000000111111111111111111111111111111111101111111111111111111101011111111111111111111111111111111111111101011111101011111111111111111111111111111111111111111111111111111111111111111111110001111111111110000001010111111111111111111111111111111111111111111000000000000000011111111111111111111111111111111111111111111111111111111111111111111111111111111111111111111110001111
1111111111100011111100000111110000000000000011111111111111111111111111000011111111111111110000011110111111111111111111110000001111111000011111100011111111111111111111101011111111111100011111111111111111111100011111000001111111111000000000000001111111111111111111111111110001111111100000000000000000000000001111111111111111111111111111111111100000011111111111111111111111111111111111111111111100001111
1111111111000001111100000111100000000000000001111111111011111111111110000111111111111111100000001110001111111111111111000000000111110000000110000000111111100111111100000000111111111100001111110000000111111000000100000000011111111000000000000001111111111111111111111111100001111111100000000000000000000000000111110101111111111111111111111110000000011111111100000001111111111111111111111111111100000011
1111111111000001111000000011100000000000000000111111111000011111111100000111111111111111000000001100011111111111111111000000000111100000000000000000111111000001111000000000001010110000001111000000000111111000000000000000011111100000000000000000011111111111111111111111100000011111000000000000000000000000000111110000011111110101011111111110000000001111111100000000111111111111111111111111111100000011
1111111111100001111100001111100000000000000000011111100000000111111000001111111111111111000000000000011111101011111111100000000111100000000000000000001111000011100000000000000000000000011100000000000011111000000000000000000111100000000000000000011111111111111111111111100000011111100000000000000000000000000011100000001111110000001111111100000000001111111000000000111111111111111111111111111110000011
1111111111110111111100001111100000001111000000111111100000000011111100011111110111111110000000000000011110000000111111100000000011100000000000000000001111100011110000000000000000000000111100000000000111111000000000000000001111000000011100000000000111010101011111111111100000011111111000000000000000000000000011100000001111000000001111111100000000001111111000000000011111111111111111111111111110000001
1111001111111111111111111111100000011111100000011111000000000000111101111111100001111111000000000000111110000001111111110000000011100000000000000000001111111111110000000000000000000011110000000000001110111100000000000000000001100001111111000000010100000000000011111111110000011111111110101011100000000000000001000000001111100000001111111100000000001111111000000000111111111111111111111111111111000011
1110000011111111111111111111100000011111110001111111000000000000111111111110000000111110000000000000111000000001111111110000000000000000000000000000000111111111111100000000100000000011110000000000000000111110000000000001111110000011111111111111110000000000000000111111111000011111111111111111111000000000000000000000000111100000011111111110000000001111111100000100011111111101111111111111111111000001
1110000000111111111011111111100000111111111111111111100000000000001111111110000000011111000000000000111000000001111111111000000000000000000000000000000111111111111111000011110000000011000000000000000000011111100000000011110011100011111111111111111000000000000001111111111100111111101111111111111110000011000000000000000111111000111111111110000000001111111110011111111111111100011111111111111111110111
1110000000000111100001111111110000111111111111111111111000000000001111111000000000001110000000000000011000000011111111111000000000000000000000000000000011111111111111111111111000000000000000000000000000111111110000000001111111000000111111111111111100000000010101111111111111111100000111111111111111101111000000000000000011111011111111111111100000001111011111111100011111110000011111111111111111111111
1110000000000111100001111111110000111111111111111111111100000000000111111000000000001111000000000000011000000011111111111100000000000000000000000000000000111101111111111111111000000000000000000000000010111111110000000011111100000000001111111111111110000000111111111111111111111100000001110000000001111111000000000000000011111110101111111111100000111100011111111100011111111000011111111111111111111111
1111100000000011100000111111110001111111111111111111111000000000001111100000000000000111000000000000001110000011111111111000000000000000000000000000000000000000011111111000010000000000000000000010101111111111110100000001110000000000011110000111111111000000011111110101011111111000000011100000000000011100000000000000000001111110000111111111111010111100001111111000001111110000011111111111111111111111
1111100000000011000000111111111101111111111111111111111000000000000111100000000000000111100000000000001110000001111111100000000000000000000000000000000000000000111111111000000000000000000000000111111111111111111111010111110000000000001110000111111111100000000111000000000111110000000001100000000000000000000000000000000011111100000011111111111111110000001111111100001111111100111111111111111111111111
1110111000000011000000111111111111111111111110000011110000000000001111000000000000000001100000000000000111000000000000000000000000000000000001100000000000000000111111110000000000000000000000000111111111111111111111111111100000000000111100000000111111100000000000000000000001111000000011110000000000000000000000000000000011111100000001111111111111110000001111111000000111111111111111111111111111111111
1000111000000000000000111111111111111110000000000011110000000000000011100000000000000001110000000000000111000000000000000000000000000000000011110000000000000001111111110000000000000000000000000111111111111111111111111111100000001010111100000110001111100000000000000000000000111000000001111010000000000000000000000000000111111110000001111111111111110000001111111110000111111111111111111111111111111111
1000011100000000000000111111111111011110000000000000100000000000000011000000000000000000110000000000000111100000000000000000000000100000000111111000000000000011111111110000000000000000000000000011101011111111111110101011100001111111111000000000000111000000000000000000000000001000000011111111110000000000000100000000000011111111000000011111101111110000000111111110001111111111111111111110111111111111
0001111100000000000001111111111100011100000000000000000000000000000001100000000000000001111000000000000111000000000000000000000000100000000111111000000000000011111111110000000000000000000000000011100011111110101000000011100001111111110000001110001111000000000000000000000000001000000011111111111100000000011110000000000111111111100000000100000011110000000111111111101111111111111111111000000100000111
1101111110000000000001111111111100000111000000000000000000000000000011000000000000000011110000000000000111100000000000000000000000000000000111111110000000000111101111110000000000000000000000000011000001111100000000000001110011111111000000001100000000000000000000000000000000000000000011111111111111010101111100000000000011111111110000000000000011110000000011111111111111111111101010111000000000000111
1111111111000000000011100011110000000111000000000000000000000000000001100011100000000011100000000000000111100000000000000000000000000000000010111111000000000111000011111000000000000001110000000011110111111000000000000111111111111111000000001111000000000000000000000000000000000000000111111111101111111111111000000000000111111011111000000000000001110000000011111111111111111111100000000000000000000001
1111101011000000000000000011111000000111110000000000000000000000000011101011000000001111000000000000000111110000000000000000000111000000000010001111000000000100000011111000000100000111111100000011111111111110000000011111111111111100000000001111100000000001110000000001000000000000000111111111100011111111110000000000000011100000010000000000000001111000000001111111111111111110000000011100000000000001
1110000011110000000000000001110000000111110000000000000000000000000011111111000000001100000000000000011111111000011110000000000111100000000100011111000000000000000011111111011100001111111111000111111111111110000001111111111111111110000000001111100000000011111111111111110000000000011111111111000011111111110000000000001111100000000000000000000000111000000001111111111110101010000000001110000000000001
1110000001110000000000000011111000000111111100000000000001100000000011111111000000111100000000000000011111111111111110000000001111110000001111011110000000000000000011111111010000001111111111111110000000000111100111111111111111111100000000011111110000000111111111111111111100000001110101111111100001111111110000000000001110000000000000000000000000110000000000111111111110000010000000011111000000000001
1000000001111000000000000001110000000111111110000000000111110000000111111111000000111000000000000101111111111111111100000000001111111000001111111110000000000000000011111100000000000111111111111100000000000001111111111101111111111100000000111111110001111111111111111111111000111111000000011111000001111111110000000000111110000000000000000000000000000000000000000001111000000011100000011111000000000001
1100000000111100000000000111110000000111111111000000001111110000000111111110000011111100000000111111111111111111111100000000001111111110111111111110000000000000000001110000000000000111111111111000000000000001111111111101111111111000000001111111110111111111111111111100000001111111100000000111000000111111110000000000111110000000000000000000000000000000000000000001111100000011100000111111100000000001
1000000000111110000000000111100000000111111111000000001111110000001111111111000011111100000011111111111111111111110000000000001111111111111111111100000000000000000000000000000000000011111111111000000000000000011111111111111111111000000011111111100001111111111111111000000000111111000000000000000000111111111000000011111110000000000000000000000000000000000000000000111000000001111010111111100000000001
1100000000111111110100011111100000000111111111100000011111100000001111111110000111111111111111111111101011111111110000000000000111111111111111111110000000000000000000000000000000000011111111111100000000000000011111111111111111100000000111111110000011111111111111110000000000011111100000000000000000011111111110000011111110000000000000000000000000000000000000000011111100000001111111101011110000000001
1100000000111111111100011111000000000111111111100000011110000000001111111110000111111111111111111111100011111111110000000000000011111111111111111100000000000000000000000000000000000001111111111110000000000000000111111111111111110000011111111000000001111111111111000000000000001111100000000000000000011111111111111111111110000000000000000000000000000000000000000011111100000000111110000001110000000011
1100000000111111111100011110000000000011111111110000000000000000001111111110000111111111111111111111000001111111100000000000000011110000011111111111000000000000000000000000000000000000111111111111100000000000000111111111111111100000001111111000000001111111111100000000000000000111111101000000000000011111111111111111111110000001111100000000000111000000000000001111111100000000011110000000011100000001
1110000000111111111000001000000000000111111111110000000000000000111111111110000111110011111111111111100001111111110000000000000001110000000111111111000000000000000000000000000000000000000011111111111000000000000011111101111111111000111111100000000001111111000000000000000000000111111111110000000000011111111111111111111111101111111111101010111110000000000000111111111111000000001110000000011100000011
1100000001111111100000000000000000000011111111111000000000000000111111111111001111100001111111111111100001111111100000100000000011100000000000000111110000000000000000000000000000000000000011111111111110000000000011110001111111111000111111100000000001111110000000000000000000000111111111111000000000011111111111111111100011111111111111111111111111000000000000111111111111000000001110000000000111000011
1100000011111111000000000000000000000111111111110000000000000011111111111111111111000000111000001111110000111111101011110000000001100000000000000111110000000000000000000000000000000000000001111111111111111000000001111000111111111111111111000000000001111000000000000000000000000111111111111110000000111111111111111111000011111111111111111111111111000000000001111111111111100000001111000000001111101111
1100000111111110000000000000000000000111111111111000000000000011111111111111111110000000000000000011100000111111101111111000000111000000000000000011111100000000000000000000000000000000000000111111111111111000000001111011111111010011111111000000000001111000000000000000000000000111111101010000000001111111111111111111000001111111000111111111111111100000000011111111111111100000001111100000000010111111
1110001111111110000000001110000000001111111111110000000000000111111101111111111000000000000000000011110000111111111111111100000111000000000000000011111100000000000000000001000000000000000000111110101111111000000000111111111000000111111111000000000001111000000000000000000000000111100000000000000011111111111110111111000111111110000011111111111111110000000011111111001111110000001111110000000000001111
1110111111111110000000011111000000000111111111111000000000000111111100011111000000000000000000000001100000111111111111111101011110000000000000000001111111000000000000000001100000000000000000011000000011110000000000111111100000000001111111100000000011111000000000000001000000000110000000000000000111111111111000001111110111111100000001111111111111111000001111111110000011110000001111110000000000001111
1111111111111110000000011111100000000001010111110000000000001111111000111111000000000000000000000001110001111111111111111111111110000000110000000000111111100000000000000001110000000000000000000000000011110000000000111100000000000001111111110000000111111110000000000011000000000110000000000000001111111111111100011111111111110000000000011111111111111110101111111110000000100000001111111000000000001111
1111111111111110000000011111110000000000000111110000000000001111111110111100000000000000000000000000110101111111111111111111111100000001111100000000000111110000000000000000100000000000000000000000000001110000000001111000000000000000111111111000001111111111100000000011100000000000000000000000001111101111111100011111111101000000000000000011111111111111111111111100000000000000001111110000000000011111
1111110101111100000000111111111100000000000011100000000000001111111111111100000000000000000000000000111111111111000001111111111110000011111111000000000011100000000000000000101000000000000000000000000001110000000011111000000000000000001111111111111111111111100000000011110000000000000000000000011110000111111111111111111100000000000000000001111111111111111111111000000000000000000011100000000000011111
1111000000011100000000011111111111000000000111100000000000011111111111111000000000000000000000000000011111111111000000111111111100000011111111100000000000000000000000000010101000000000000000000000000011110000000111111000000000000000000011111111111111111111110000000111110000000000000000000000001111000011111111110011111000000000000000000001111111111111111110100000000000000000000000000000000000111111
1110000000111000000000111111111111100000001111100000000000011111110011111100000000000000000000000000011111111100000000111111111100000011111111100000000000000000000000001111111100000000000000000000000111111000001111111000000000000000000011111111111101011111100000000111111000000000000000000000011111000111111111100001111100000000000000000001111111110000001000000000000000010100000000000000000001111101
1100000000111000000000011111111111111000011111000000000001111111000011111000000000000001000000000000000111111100000000111111111000000011111111111000000000000000000000111111111110000000000000000000111111111000011111111000000000000000000011111010100000011111110000011111111000000000000011111101011111110111111111100001111100000000000000000011111111000000000000000000000001111110000000000000000001110001
1000000001110000000000001111111111111000111111000000000001111111100000111100000000000001110000000000000111111100000011100000111000000001111111111000000000000000000001111111111110000000000000000001111111111111111111110000000000100000000011111000000000001111110000011111111000000000000111111111111111111111111111000001111100000000000000000111111111100000000000000000000111111111000000000000000011110000
1000000001110000000000000000011111111111111110000000000111111111000001111000000000000001111100000000000011111000000011100000000000000001111111111100000000000000000000111111111111000000000000000001111111111111111111100000000011110000000011100000000000111111111101111111111100000000001111111111000111111111111111110111111110000000000101000111111111100000000000000000011111101111000000000000000111000001
1000000011110000000000000000001111111111111110000000011111111111100000111100000000000000011111000000000111111100001110000000000000000000111111111100000000000000000000000011111111000000000000000001111111111111111111100000000111111000000111100000000000111111111111111111111100000000001111111111000111111111111111111111111110000000000111000011111111111000000000000000011111100011000000000000001111000000
0000000011111100000000000000000111111111111000000001111111111111111000111110000000000000011111110000001111111100001110000000000000000000111111111100000000000000000000000011111111000000000000000000111111111111111111000000000111111000000111110000000000111111111111111111111111000000001111111100000011111111111111111111111110000000000001000000111111111101010101011111111110000111000000000000011100000001
1000000011111111100000000000000111111111110010000011111111111111111100001110000000000000011111111100011111011110111000000000000000000001111111111110000000000000000000000001111111100000000000000000011111100011111111000000000111111100001111110100000000011111111111111111111111000000001111111100000011111111111111111111111100000000000000000000111111111111111111111111111111000011000000000001111100000000
0000000111111111111000000000000011111111111011101111111111111111111100001111100000000000011111111111111100000011111000000000001100000001111111111100000000000000000000000011111111110000000000000000011111000011111111110000000111111100000111111111000000000001111111111111111111000000001111111100000011111111111111111111111100000000000000000000111111111111111111111111111110001111000000000011111000000001
1000000111111111111110000000000011111111111111111111111111111111111100001111111100000000011101111111111110000000100000000000011100000111111111111110000000000000000000000001111111111000000011000000000100000001111111110000000111111110000111111111100000000000011111111111111111000000001111111100000111111111111111111111110000000000000000000000111111101011111111111111111111101111000000000001111000000001
1010111111111111111111100000000001111111111111111111111111111111111100011111111110000000010001111111111100000000001100000000011110000111111111111100000000000000000000000001111111111000000011100000000000000011111111111101011111111100000011111111110000000000001111111111111110000000011111111100000111111111111111100011110000011110000000000001111110000000111111111111111111111111100000000001111000000001
1111111111111111110001110000000011111111111111111111001111111111111111011111111100000000111000110111111110000000000110000000111110001111111011111110000000000000000000000000011111111100000001110000000000000011111011111111111111111100000011111111100000000000000011111111111110000000011111111100001111111111111111100001110000011111000000000001111110000000001111111111111111111111110000000000010000000001
1111111111111111110000010000000011111111111111111100000111111111011111111111111100000000111011100001111110000000001111000000111110001111111000111110000000000000000001000000000111111100000001110000000000000111100011111111111111111000000000111111110000000000000011111111111111000011111111111110001111111111111111000001100000011111000000000001111100000000000011111111111111111111111000000000000000000001
1111111111111111100000000000000111111111110111111110000111111100011111111111110000000001111111000001111110000000000110000000111000001111100000111111000000000000000001000000000000011110000000110000000000000011100000111111111111100000000000011111100000000000000000111111111111111111111111111110111111111111111111000001110000011111100000000000101000000000000000110000000000010101111100000000000000000001
1111111111111111110000000000001111111111000011111110001111111100000111111111110000000001111111000000111111000000001110000000000000001111100000111111000000000000000000000000000000000100000001110000000000000011100000111111111010000000000000000111110000000000000001111111111111111111111111111111111111111111111111100111110000001111100000000000000000000000000000000000000000000001111111000000000000000011
1111010101011111110000001110001111111111100001111111111111111100000111111111100000000011111111000000011110000000001100000000000000001111000000111110000000000000000000000000000000000000000000111000000000000001000000011111100000000000000000001111110000000000000000111111111111111111111111111111111111111111111111111111111000000111110000000000000000000000000000000000000000000000111111000000000001111111
1110000000001111111100001110111111111111000000111111111101011000000011111111000000000011111111000000001000000000001000000000000000001111100000111110000000000000000000000000000000000000000001111000000011000000000000011111110000000000000000101111111000000000000001111111111111111111111111111111111111111111111111111111111000000111110000000000000000000000000000000000000000000011111111000000000011111111
1100000000011111111100011111111111111111100000011111110000000000000011111111000000000111111111000000000000000000111000000000000000001111100000111000000000000000000000000000000000000000000000111000000111000000000000000111100000000000000011111111111000000000000000111111111011111111111111111111111111111111111111111111111000000111111000000000000000000000000000000000000000000011111110000000000111111111
1000000000111111111111111111111111111111000000001111110000000000000011111110000000000111111111000000000000000001111000000000000000001111111000100000000000000000000000000000000000000000000001111000001111100000000000000111110000000000000011111111111100000000000001111111110000111111111111111111111111111111111111111111110000000111110000000000000000000000000000000000000000001110101100000000100011111111
1000000001111111111111100000011111111111100000000011000000000000000011111110000000001111111111100000000000000011111110000000000000011111111000000000000000000000100000000000000000000000000001111100001111000000000000000001100000000000000111111111010000000000000001111111000001111111111111111111111111111111111111111111111000000111111000000000000000000000000000000000000000111100000000000001111101111111
1000000001111110000000000000001111111111000000000000000000000000000011111110000000011111111111100000000000000111111111100000000000011111111110000000000000000001100000000000000000000000000001111110111111100000000000000001111000000111010111111110000000000000000001111110000000111111111111111110101111111111111111111101110000000111110000000000000100000000000000000000000011110000000000000001110000010111
1000000011111100000000000000001111111111000000000000000000000000000111111110000000011111111111111000000000001111111111111000000000011111111100000000000000000001100000000010000000000000000011111111111111110000000000000000111010111111111111111100000000000000000111111100000000111111111111111110000011111111111111110001111000000111111000000000001111000000000000000000001111110000000000000001110000000001
1000000001111100000000000000000110011111000000000000000000000000000111111110000000111111100000011000000000011111111111111100000000001111111000010101010000000001000000000110000000000000000001111111111111110000000111000000111111111111111111111100000000000000011111111000000000111111111111111100000111010111111010000000010000001111110000000000001111000000000000000000001111000000000000000001100000000001
1000000001111000000000000000001111001110000000000000000000000000011111111100000000011110000000011110000001111111111111111110000000001111111000011111111100000000000000000100000000001111000111111111111111111100001111100000111111111111111111111100000000000000111111110000000000111111111111111100000011000001111000000000010000001111111000000000011111110000000000000000111111000000000000000001000000000000
1000000000111110000000000000000111111111000000000000000000000000011111111100000000011110000000000111111111111111111111111111000000000111110000111111111110000000000000000000000000111111110111111111111111111100011111100000111111111111111111111100000000000001111111100000000000111111111111111110001110000001110000000000000000011111111000000000111111111110000000000010111100000000000000000000000000000001
1100000000111110000000000000001111111110000000000000000000000001111111110000000000001000000000000111111111111111101111111111000000000111110000111111111110000000000000000000000001111111111111111111111111111111111111110000111111111111111111111100000000000001111111110000000011111111111111111111111111100000111000000000000000011111111100000000111111111111100000001111111110000000000000000000000000000001
1000000000111111100000000000000111111111000000000000000000000001111111110000000000000000000000000011111111111111000111111111100000000011111001110101111111000000000000000000000001111111111111111111111111111111111111100000111111111111111111111111000000000001111111110000000011111111111111111111111111101011110000000000000000001111111100000011111111111111110000111111111110000000000000000000000000000111
1100000000111111100000000000001111111111000000000000000000000001111111100000000000000000000000001111111101010110001111000111100000000001111111110001111111000000000000000000000001111111111111111111111111111111111111100000111111111111111111111111000000000011111111111101011111111111111111111111111111111111111000000000000000001111111100000011111111111111111111111111111111111110000000001000000000000111
1100000000111011111110000000000111111111100000000000000000000000101111100000000011100000000000111111111000000000001110000111100000000000111111100000011111110000000000000000000000000111111111111111111111111101111111000000111111111111111111111111110000000011111111111111111111111111110000000011111111111111110000000000000000000111111110001111111111111111111111111111111111111111100000111110000001111111
1000000000111000111111100000001111111111100000000000000000000000000111100000000011100000000001111111110000000000011110000001100000000000011111100000000111110101110000000000000000000011111111111111111111111000111111000000111111111111111111111111110000000011111111111111111111111111000000000000111111111111110000000110000000001111111111111110100000001111111111111111111111111111100000111110000011111111
1000000000110001111111100000001111111111110000000000000000000000000011100000001111110000000001111111100000000000111100000011100000000000111111100000000111111111111100001111000000000001111111111111111111111101111110000000011111111111111111111111111100000011111111000011111111111111100000000000111111111111100000001111000000001111111111111110000000011111111111111111111111111111110000111111000011111111
0000000000111100111111110000001111111111110000000000000000000000000001111010101111110000000001111111000000000000111110000001100000000000011111100000000001111111111111111111111000000000111111111111111111111111111111000000001111000011111111111111111100000011111110000001111111111111000000000000001111111111100000001110000000111111111111111100000000000011111111111111111111111111110000011110000001111111
1000000001111100001111110000111111111111111000000000000000000000000000111111111111010000000001111110000000000000011110000111110000000000111111000000000001111111111111111111111000000000011111111111111111111111111110000000001111000001111111111111111100000011111100000000111110111111100000000000011111111111000000011110000000111111111111111100000001110000101011111111111111111111111000011111000000111111
1100000011111000000011111000111111111110111000000000000101010000000000011111111100010000000001111110000000000000011111110111111111110000111111100000000000000000001111111010101000000000001111111111111111111111111110000000000110000001111111111111111100000011111000000000111000111111100000000000001111111111000000001110000000111111111110111100000111100000000000111111111111111111110000000110000000111111
1110000111111000000011111011111111111000111000000000000111111000000000011111111110000000000001111100000000000000011111111111111111111111111111000000000000000000000111111000000000000000001010111111111111111111111100000000000111100001111111111111111100000011110000000000011100011111110000000000011111111110000000001100000000111111111000001000001111100000000000111111111111111010100000000111000000111111
1111111111111000000000111111111111111100011100000000001111111000000000001111111110100000000001111110000000000000011111111111111101111111111111100000000000000000000011100000000000000000001010111111111111111111111100000000000011100011111111111111111110000111110000000000111000111111100000000000011111111100000000000110000000111111111100000000011111000000000000111111111111110000000000000000000000011111
1111111111110000000000111111111111111101111000000000000111111000000000000111111111110000000001111100000000000000011111111111111100011111111111000000000001000000000001110000000000000000111111111111111111111111111000000000000001111111111111111111111100000111111000000010111110111111000000000000111111110000000000001100000001111111111000000000111111100000000000111111111111100000000000000011000000000001
1111111111111000000000011111111111111111111000000000001111100000000000000001111111110000000001111110000000000000011111111011111000111111111111100000000011110100000000110000000000000000111111111111111111101111100000000000000001111111111111111000011111011111111010101111111111111100000000000000111110000000000000000111010111111111111100000001111111000000000000111111111111100000000000000000000000000000
1111111111111000000000011111111111111111110000000000000111100000000000000000000111111000000000111110000000000000011111111111111110111111111111110000000111111110000000111100000000000011111111111111111110001111100000000000000000011111111111111000000111111111111111111111111111111100000000000000011000000000000000001111111111111111111000000011111111100000000000111111111111100000001100000000000000000000
1111111111111100000000000101111111111111110000010000001111000000011100000000000011110000000000111111000000000000011111111111111111111111111111111000001111111100000000111110000011100001111101111111111111000110000000000000000000011111111111110000001111111111111111111111111111111000000000000000000000000000100000000111111111111111111100000111111111000000000000111111111111110000111100000000000000000000
1111111111111000000000000000011111111111100000111000000111110001111111000000000001111000000000011111000000000000111111111111111101011111111111111100011111111000000000111111000111111111100000011111111111011110000000000000000000000111111111111000011111111111111111111111111111111100000000000000000000000011111000001111111111111110100000001111111111100000000000111111100000111000111110000000000000000000
1111011111100011000000000000000111111111100001111000000111111111111111000000000000111000000000011111000000000000111111111111111000000111111111111111111111100000000000111111100011111100000000001111111111111100000000000000000000000111111111111100111111111111110000000011111111111110000000000000000000000001111100001111111001111000000000011111111111000000000000011010000000111111111110101010000000000000
1110011111110001110000000000000000000111000001111100001111111111111111111000000000111110000000000111000000000011111111111111110000000111111111111111111111100000000011111111000111111110000000001111111111111111000000000000000000000111111111111111111111111111100000000001111111111111000000000000000000000011111100111111100000111000000000011111111111100000000000000000000000001111111111111111100000000001
1111000111110111110000000000000000000011000001111000000111111111111111111110000000011111100000000110000000000011111111111111100000000011111111111111111111100000000000101111110111111110000000000111111111111111110000000000000000000011111111111111111111111111000000000000011111111111111100000000000000000011111000011110000000111000000000011111111111000000000000000000000000001111111111111111100000000001
1111010111111111111000000000000000000011000001111100001111111111111111111111100000011111111000000110000000001111111111111111000000000011100000001111111111100000000010001111111111111110000000000111111111111111111101010000000000000000001111111111111111111111100000000000000111111111111111000000000000000011110000000000000000111000000000010101111111110100000000000000000000000111111111111111111000000011
1111110001111111111000000000000000000011000111111000000111111111111111111111100000011111111000000000000000001111111111111110000000000000000000000011111111100000000000000111111111111110000000000001011111111111111111111000000000000000001111111111111111111111000000000000000000111111111111100000000000000011000000000000000001111000000000000101111111010110000000000000000000001111111110101011111100000011
1111110001111111111100000000000000000011110111111110011111111111111111111111110000001111111000000000000000011111111111111100000000000000000000000000111110100000000000000111111111111100000000000000000111111111111111111100000000000000000111111111111100011111110000110000000000001111111111110000000000000011100000000000000001111000000000001101111111000111000000000000001000001111111110000011111000000111
1111100000111111111100000000100000001111111110111111111111000001111111111111110000011110000000000000000000001111111111111000000000000000000000000000001110000010000000000111101111111100000000000000000000000000111111111000000000000000011111111111111100001111110111110000000000000011010101010101000000000011000000000000000111111000000000011111011110000111000000000000011111111111111000000001111000000111
1111100001111111111111000011111000001111111000011111111111000000111111111111100000001110000000000000000000001111111111110000000000000000000000000000000000000111000000000111100111111100000000000000000000000000001111111000000000000000011111111111111000000111111111100000000000000000000000000101000000000111100000000000111111111100000000011100011111000111100000000000001111111111111000000001110000000111
1111000001111111111111000111111111111111111000011111111110000000001011111111110000111000000000000000000000000111111111110000000000000000000000000000000000000111000000000111101111111100000000000000000000000000000111110000000000000000111111111111110000000011111111000000000000000000000000000001000000000011100000000011111111111100000000011100000111000011000000000000001111111111111000000001110000011111
1111000111111111111111111111111111111111111000001111111111000000000011111111100000111100000000000000000000001111111111110000000000000001100000000000000000001111000000001111111111111110000000000000000000000000000011111000000000000001111111100000000000000111111110000000000000000000000000000000000000000011111000001111111110111110000000000000000111101111100000000000001111111111110000000001110000011111
1111000111111111111111111111110101111111111000011111111110000000000001111111110011111000000000000000000000000111111111100000000000000111100000000000000000011111000000000111111111111111000000000000000000000000000001111000000000000000111111100000000000000011111100000000100000000000000000000000000000000001111010111111111000111100000000000000000011111111100000000000001111111111110000000001111001111111
1111111111111111111111111111100000011111111100011111111110000000000011111111111011111100000000000000000000001111111111110000000000001111000000000000000000111111000000001111111111111111100000000000000000000000000001111110000000000000111110000000000000000111111000000001110000000000000000000000000000000011111111111111111100011110000000000000000011111111000000000000011111111111100000000011111111111111
1111111111111111111111111111000000000101011111111111111100000000000011111111111111111100000000000000000000000111111111100000000000011111000000000000000000111111000000000111111111111111110000000000000000000000000001111110101000000000001111000000000000001111110000000000110000000000000000110000000010000011111111111111111101111110000000000000000000111110000000000000011111111111100000000011111111111111
1111111111111111111111111110000000000000011111111111111100000000000011111111111111111111111111000000000000001111111111110000000000011110000000000000000000111111110000001111111011111111110000000000010101010000000000111110001000000000001111000000000000011111100000000001111000000000000000110000001111100111111111111111111111111111000000000000000000001000000000000000111111111111000000000111111111111111
1111111111111111110111111110000000000000000111111111110000000000000110001111111111111111111111100000000000001111111111110000000000111110000000100000000000011111111100000111100001111111111000000011111111110000000000111110000000000000001111110100000001111111100000000001111000000000000001110000111111111111111111111111111111111111000000000000000000000000000000000001111111111111000000000111111111010111
1111111111111111100001111110000000000000000111111111111000000000000000000011111111111111111111000000000000011111111111110000011110101100000000110000000000011111111100011111000000111111110000000111111111110000000000111100000000000000011111111111010101111111000000000011111100000000000001111000111111111111111111111111111111111111100000000000000000000000000000000001111111111111000000001111111111000111
1111111111111110000001111100000000000000001111111111110000000000000000000111111111111111111111100000000000001111111111111101111111101000000000110000000000001111111111011111100000011111110000000111111111110000000000111100000000000000111111011111111111111111000000000111111000000000000011111111111111111111111111111111111111111111100000000000000000000000000000000011111111111111000000001111111110000011
1110111111111110000000111100000000000000001111111111111000000000000000000111111111111111111111000000000000001111111111111111111111101000000000011000000000001111111111111111000000111111110000001111111111000000000000111000000000011111111100000011111111111100000000000111111100000000000011111111110111111111111110101111111110101111110000000001100000000000000000000011111111111111000000000111111111101111
1000111111111000000000001000000000000000111111111111110000000000000000011111111111111111111111100000000000000011111111111111111111101000000000011100000000001111101011111111110000011111100000001111111111000000000000111000000000111111111110000001111111111110000000011111111100000000000000111111000111111111111000001111111000001111110000000001100000000000000000000111111111111110000000000011111111111111
0000011111111100000000000000000000011111111111111111110000000000000000001111111111111111111111000000000000000111111111111111010010101000000000001110000000011110000000011111110000111111100000001111111100000000000001110000000000111111111100000000111111111110101010111111111100000000000000001110000001111111111000000111110000000011111000000011110000000001110000000011111111111110000000000011111111111111
1000111111110000000000000000000000111111111111111111110000000000000000000011111111111111111111110000000000000111111111111111000000011000000000001110000000111110000000000111110000111111100000001111111100000000000000100000000000111111111110000000011111111111111111111111110000000000000000011110000001111111110000000011100000000001110000000011110000000111111100000011111111111100000000000000111111111111
0000011111000001000000000000000000111111111111111111110000000000000000000000111111111110101011110000000000011111111111111100000000011000000000000010000000111100000000000001100000111111000000001111110000000000000000000000000000001111111100000000001111111111111111111111000000000000000000001110000000011111100000000011110000000000000000000111110000001111111111000011111111111100000000000000111111111111
1000111111000001000000000000000000011111111111111111110000000000000000000000111010101000000000111100000000011111111111111000000000111000000000000000000000010000000000000000000000011111000000001111110000000000000000000000000000000011111110000000000111111111111111111111000000000000000000011111000000001111000000000001110000000000000000000111100000000111111111100001111111111100000000000000001111111111
0000011100000001110000000000000000011111111111111111111000000000000000000000111000000000000000011111111111111111111111110000000000110000000000000000000000000000000000000000000000011110000000011111100000000110000000000000000000000000111110000000000001111111111111111111000000000000000000011111010000001111000000000001111100000000000000011110000000000111111111110001111111111100000000000000001111111111
1000111100000000111111110000000000011111100011111111111100000000000000000001100000000000000000001111111111111111111111100000000000110000000000000000000000000000000000000000000000000100000000011111100000001111000000000000000000000000111110000000000001111111111111111111000000000000000000001111111111101100000000000000111100000000000000011110000000000111111111110000111111111110000000000000001111111111
1000011000000000111111111100000000001111100001111111111110000000000000000001100000000000000000000111111111111111111111110011100000000000000000000000000000000000000000000000000000000000000000111111100000001111000000000000000000000000011100000000000000011111111111111110000000000001110000001111111111111100000000000000111111000000000001111000000000000011111111111000111111111111111111000000001111111111
1101111100000000011111111110000000011110000001111111111111000000000000000011100000000000000000000111111111111111111111111111110000000000000000000000000000000000000000000000000000000000000001111111000000001111100000000000000000000001111100000000010000111111111111111100000000000011111000000111111111111000000000000000111111100000000001111000000000000111111111111111111111111111111111110000001111111111
1111111100000000011101011111000000001111000001111111111111100000000000000011000000000000000000000011111111111111111111111111100000000000000000000000000000000000000010000000000000000000000001111110000000001111000000000000000001010101111100000000111101111111101111111000000000000001110000000111111111110000000000111000111111110000000011100000000000000011111111111111111111111111111111111000001111111111
1111111111000000000000011110000000011110000001111111111111111000000000000111000000000000000000000011111111111111111111111111110000000000000000000000000000000000001111100000000000000000000011111000000000001111000000000000000111111111111000000000011111111111100011110000000000000000000000000001111111110000000001111011111111110000000001100000000000000011111111111111111111111111111111111000001111111111
1111111111100000000000001111000000011111100111111111111111111000000000000110000000000000000000000000111111111111111011111111100000000000000000000000000000000000011111111111100000000000000011111000000000000100000000000000011111111111111000000000011111111111000111110000000000000000000000000001111111000000000001101011111111111000000011000000000000000000110101111111111111111101011111111000001111111111
1111111111110000000000000110000000111111111111000011100001111100000000000111000000000000000000000000001111111111100011111111110000000001000000000000000000011000011111111111111000000000000111110000000000000000000000000000111111111111111000000000011111111110000111100000000000000000000000000000111111000000000110000000111101111000000001110000000000000000000000011111111011110000011111110000001111111111
1111111111110000000000001111000000111111111100000010100000011000000000000110000000000000000000000000000000000111100001111111111000000111110000000010000000111000011111111111111000000000000111111000000000000000000000000000111111111111111000000000011111111110000111110000000000000000000000000011111110000000010111000000000000011000000011110000000000000000000000011111100011110000001111110000001111111111
1111111111111000000000000110000011111111111100000000000000010100000000001111100000000000000000000000000000000111000001111111111110111111110000000011000000111100111111111111111100000000011111110000000000000000000000000000111111111011111000000000011111111100001111100000000000001000000000000111111111000001111110000000000000111110000011111000001111000000000000000111110001000000011111100000011111111111
1111111111111100000000001111000011111111110000000000000000010100000000011111110000000000111100000000000000000001110111111001111111111111111000000111000001111111111111111111111100000011111111111101110000000000000010000000011111111000111000000001111111110000001111111000010101111110101010111111111110000111111110000000000010111110000111111100001111111110000000000111110101000000011111100000111111111111
1111111111111100000000001111001111111111111000000001010101111111000000111111111111111111111100000000000000000001111111110000111110000111111100000111000001111111111111111111111110001111111111111111110000000000000111000000011111100000000000000011111111110000001111111111111111111111111111111111111111000011111000000000001111111111111111111100011111111111000000000011111100000000011111110001111111111111
1111111111111111000000011111101111111111111000000011111111111111111111111111111111111111111111111111000000000000111111110000001000000001111111011111100011111111111111111111111111111111111111111111111000000000001111000000000111100000000000001111111111100000001111111111111111111111111111111111111111101111000000000000111111111111111111111100011111111111100000000011110000000001111111110111111111111111
1111111111111111111111111111111111110000111100000111111111111111111111111010111111111111111111111111110000000000111111110000000000000001111111111111111111111111111111111011111111111111010111111111111010000000000111000000001111100000000000001111111111100000001111111111111111111111111111111111101010111110000000000000111111111111111111111000011111111111000000000000000000000001111111111111111111111111
1111111111111111111111111111111111000000111110001111111111111111111111100000111111111111111111111111111000000000011111111000000000000000111111111111111111111111111111100000111111111111000111111111111111110000011110000000000111100000000010001111111110000000001111111111111111111111111111111000000001111100000000000011111111111111111111111000001111111100000000000000000000000111111111001111111111111111
1111111111111111111000011111111111000000001111111111111111111111110000000000011111111111111111111111101000000000011111111000000000000000111111111111111111111111111110000000111111111100000011111111111111111101011110000000001111100000000110000111110000000000001111111111111101111111111101000000000000111000000000001111111111111111111111100000000111111000000000000000000000001111111111001111111111111111
1111111111111111111000011111111100000000001111111111111111111111000000000000011111111111111111111111000000000000001111111000000000000000111111111111111111111111111100000000111111111100000111111111111111111111111100000000000111100000001110000001110000000000001111111111110000001111100000000000000000110000000000001111111111111111111110000000000111111000000000000000000000011111111100000011011111111111
1111111111111111100000001111111110000000001111111111111111111111000000000000111111111111111111111111000010000000001111110000000000000000111111111111111111111111110000000000111111111000000001111111111111111111111000000000001111111000000110000000000000000000011111111000000000000010000000000000000000000000000000011111111111111010101000000000000111111100000000000000000000111111111100000000000010000111
1111111111111111100000001111111100000000001111111111111111111100000000000000111111111111111111111110001110000000011111100000000000000000111111101111111111111111110000000000111111111010101000010111111111111111111000000000000111111000001100000000000000000011111111110000000000000000000000000000000000000000000000001111111111111000000000000000000111111100000000000000000000111111110000000000000000000011
1111111111111110000000000111111110000000000111111111111111111100000000000011111111111111101011111111101111100000111111000000000000000000011111000011111111111111110000000011111111101011111000000000001111111111111000000011000111111110011100000000000000001111111111100000000001000000000000000000000000000000000000011111111111110000000000000000001111111110000000000000000001111111110000000000000000000011
1111111101111110000000000111111110000000000111111111111111111000000000000111111111111111100000111111111111100001111100000000000000000000111110000000110101111111110000000011111110101111111000000000000001111111110000000011000111111111111000000001110000011111111111000000000001110000000000000010000000000000000000011111111111111000000000000000001111111110000000000000000000111111000000000000000000000011
1111110001111100000000000111111110000000000011111111110111111000000000000011111111111110000000001111111111101011110000000000000010000000011100000000000000111111110000001111111000000111110000000000000001111111110000000111100011111111111100000001110000011111111110000000000001110000000000000111100000001000000000111111111111110000000000000000011111111110000000000000000000111111000000000000000000000011
1111110000011100000000000111111110000000000001111111000111110000000000000001111111011111000000000011111110100011000000000000000111100000111100000000000000001111110000001111100000000111111000000000000000111111110000000111101111111111111000000001111000111111111100000000000000111100000000000111100000000000000000111111111111111000000000000000011111111100000000000000000000011100000000000000000000000011
1111110000111100000000000111111100000000000000011110000011111000000000000001111111000110000000000000101000000000000000000000000111100000011000000000000000000011111101111110000000000011110000000000000000111111110000000111111111111111111100000011111000111111111000000000000000011100000000000111111000000000000000111111111111110000000000000000111111111100000000000000000000011110000000000000000000000111
1111111000111100000000000111111110000000000000000000000001110000000000000000011100000111000000000000000000000000000000000000000111111001111100000000000000000011111111111000000000000011111000000000000000111111110000000011111110111101111000000001111101111111111000000000000000001110000000001111111000000010000000011111011111111000000000000000111111111000001100000000000000001110000000000000000000000011
1111111111111000000000000111111110000000000000000000000011111000000000000000010100000111000000000000000000000000000000000000011111111111111000000000000000000000111111100000000000000011110000000000000000111111110000000011111000111100111110000011111111111111111100000000000000011110000000001111101100000110000000000100001111110000000000000000111111111000011111111111110000011111101001010100000000000111
1111111111111000000000011111111111000000000000000000000001110000000000000000000100001111100000000000000000000000000000000000011111111111111100000000000000000001111111100000000000000001110000000000000001111111110000000001111100011101111110000001111111111111111110000000000000001111000000111110001100001111000000000000000111111000000000000000111111111000111111111111111100001111111111111110000000000011
1111111111110000000000011111111111000000000000000000000011111100000000000000001111111111110000000000000000000000000000000001111111111111111000000000000000000001111110000000000000000011110000000000000001111111110000000001111101111111111111000011111111111101011111111000000000011111000000111100000111011111000000000000000011110000000000000000111111110001111111111111111100111111111111111100000000000111
1111111111110000000001111111111111000000000000000000000011111101011010101010111111111111111000000000000000000000000000110101111100011111111000001000000000000111111110000000000000000001100000000000000011111111100000000001111111111111111111000001111111110000000111111110000000001111000011111000001111111111100000000000000001111000000000000000111111110111111001111110101111111111111111111100000000000011
1111111111100000000001111111111111000000000000000000001111111111111111111111111111111011111100000000000000000000000001111111111100001111110000011000000000011111111110000000000000000001100000000000000111111111100000000001111111111111110101000001111111110000000111111111000000011110000011110000000111111111100000000000000000111000000000000000111111111111100000111110001111111111111111111000000000000011
1111111111100000000111111111111111000000000000000000011111111111111111111111111111100000111110000000000000000000000011111111111000000111110000011000000000111111111100000000000000000000000000000000000111111111100000000001111111111111000000000001111111100000000011111111100000011110000111110000001111111111110000000000000000000000000000000000111111111111100000111000000011111111111111111000000000000001
1110001111110000011111111111111111000000000000000000011111111101000011111111111111110001111111111111111111110000000011111111111000000111100000110000000000111111111111000000000000000000000000000000011111111111100000000001111111111111100000000001111111110000000011111111000000111110000011110000001111111111110000000000000000000000000000000000111111111111100001111100000111111111111111111100000000000001
1100000111110001111111111111111111000000000000000000111111110000000001111101111111110101111111111111111111111000000111111111110000000111100000110000000000011111111111111110000000000000000000000000011111111111100000000001111111111111000000000000111111110000000001111111000001111110000011110000011111111111110000000000000000000000000000000011111111111111100001111000000011111111111111111111010000000000
1100000011111011111111111111111111000000000000000000111111110000000000000000011111111111111111111111111111111100000111100001000000000110000001100000000000000111111111111110000000000000000000111111111111111111000000000000011111111111100000000000111111111000000001111110000001111111100001110000011111111111100000000000000000100000000000000111111111111111100011111110000111101011111111111111111100000000
1100000111100011111111111111111111000000011000000000111111100000000000000000001111111111111111111111111111111110001111000000000000001110000011110000000000000000111111111111100000000000000000111111111111111110000000000000011110000001110000000000111111111100000000111110100111111111100111110001111111111111110000000011111010111000000000011111111111111111000011111110001111000011111111111111111111000000
1111000011100000111111111111111111100000111000000000111111110000000000000000001111111111111111110101111111111111101111000000000000001110000111100000000000000000111111010111100000000000000000111111111111111000000000000000011000000000110000000000011101111100000001111000111111111111111111111101111111111111100000000111111111111000000001111111111111111111000011111111111111000001111111111111111111000000
1111001110000001111111111101111111000000111100000000111111111000000000000000001111111111111111110001111111111111111110000000000000011111001111110000000000000000011111000001110000000000000000011111111111100000000000000000011000000000010000000000111100011110000000111000111111111111111111111111111110101111110000011111111111111110000011110000111111111111000000111111111110000001111111111111111111100000
1111111111000001111111110001111111000000111000000000111111111111111100000000001111111111111111000000111111111111111111100000000000011111111111100000000000000000111100000000000000000000000000011111111111100000000000000000111000000000000000000000011000111110000001110000011101111110101111111111110000001111110000011111111111111110000001000000011111111111000000001111111111000001111111111111111111100000
1111111110000111111111110000011100000000111110000000111111111111111110000000001111111111111111000000111111111111111111100000000000011111111111110000000000000001111110000000000000000000000000011111111111000000000000000000011000000000000000000000111110111110000000000000000000011000000001111111110000000011111101111111111110111111000000000000011111111111100000000111111111100001111111111111111111100000
1101111111101111101111000000000000000000111110000011111111101010111110000000000101111111111110000000111111111111111111111000000000001111111111100000000000000011111100000000000000000000000000011111111111000000000000000000011000000000000000000000111111111110000000000000000000011100000000011111000000000011111101011111111000001111000000000000011111101111100000000011111111110111111111111111000111100000
1100011111111110001111100000000000000011111111101011111111100000011110000000000001111111111100000000111111111111111111111000000000000111111111110000000000011111111110000000000000000000000000111111111111000000000000000000011000000000000001111011111111111100000000000000000000001100000000000100000000000001111100011111111000001111100000000000011100001111111000000011111111111101111111111111100001000001
1000011111111100000011000000000000000011000001111111111111000000000111000000000000011111111000000001111111111111111111111110000000001111111111100000000001111111111100000000000000000000000000111111111111000000000000000000011000000000000001111111111111111100000000000000000000001110000000000000000000000011111100000111100000011111000000000000000000000011111000000011111111111001111111111111000000000001
1000001111111000000011100000000000001111000001111111111111000000000111000000000000011111100000000011111111111111111111111111100000001111111111110000000011111111111110000000000000000000000001111111111111100000000000000000011100000001000011111111111111110000000000000000000000001110000000000000000000000001111000000111110000011111100000000000000000000011111110101111111111111111111111111111100000000111
1000001111111000000000100000000000001100000000101111111111000000000111000000000000000100000000000011111111111111111111111111110000001111111111110000000011111111111100000000000000000000000001111111111111111111000000000000001100000001000001111111111111000000000000000000000000000111000000000000000000000011111100000111110001111111110000000000000000000001111111111111111111111111111111111111100000000111
1000001111111000000000110000000000111100000011100011111111000000000111100000000000000000000000000111111111111111111111000001100000000010111111111000000111111111111110000010000000000000000001111111111111111111000010000000001110000000000011111111101000000000000000000000000000001111000000000000000000000001111000000111111111111111111000000000000000000011111111111111111111111111111111101111100000000011
1000001111111000000000011000000011111000000011000011111111000000000111111100000000000000000000000111111111111111111111000000000000000000111111110000000111111111111100001111100000000000000001111111111111111111100010000000000110000000000001111111100000000000011000000000000000000111100000000000000000000011111000000111111111111111111110000000000000000011111111111111111111111111111111100011110000000011
1100001111110000000000011101011111111100001111100011111111100000000111111111000000000000000000001111111111111111111100000000000000000000011111111000000111111111111110011110100000000000000011111111011111111111101110000000000000000000000011111111000000000000011000000000000000001111100000000000000000000111111000000111111111111111111111000000000000001111111111111111111111100001111110000000100000000001
1110011111110000000000001111111111111101011111000111111111000000000111111111110000001010000000011111111111111111111100000000000000000000111111110000000111111111111100011110000000000000000011111110000111101111111110000000000000000000000001111111100000000000011100000000000000000111100000000000000000001111110000000111111111111111111111100000000000001111111110101111111111000001111110000000000000000001
1111111111100000000000001111111111111111111111110111111111100000000111111111111000111111110000011101111111011111111000000000000000000000011111111000000111111111111100111100000000000000000111111000000010000011111110000000000000000000000001111111110000000000000000000000110000001111100000000000001111111111110000001111111100000000011111000000000010111111111110000011111111000000011110000000000000000001
1111111111000000100000000111111111111111111111111111111111110000001111111111111111111111111000010000011100000111110000000000000000000000011111111000000111111111111000011100000000000000000011111100000000000011111110000000000000000000000001111111111000000000000000000001111000001111110000000000000111111111100000001111110000000000000111000000001111111111111000000011111110000000011111000000000000000001
1111111110000011111000000011111111111111111111111111111111111000001111111111111111111111110000000000000000000111100000000000000000000000001111111000000111111111110000001000000000000000000000111101010000000000111100000000000000000000000000111111111000000000000000000000111110111111111110000000000001111111100000001111000000000000000110000000011111111111110000000000111110000000000111100000000000000001
1111111100000111111100000000101111111111111111111111111111111110111111111111111111111111110000000000000000000001100000001110000000000000001111111100000111111111110000000000000000000000000000111111111000000000111100000000000000000000000000111111111000000000000000000000001111111111111111000000000000011111000000001100000000000000000000000000011111110000000000000000111100000000000111110000000000000001
1111111000001111111100000000000011111111111111111111111111111111111111111111111111111111100000000000000000000000000000001111000000000000000111111100011111111111100000000000000000000000000000011111111000000000011000000000000000000000000000011111111000000000000000000000001111111111111111000000000000011110000000001100000000000000000000000000011111100000000000000000011100000000000001111110101000000011
1111111100011111111110000000000000110000111111111111111111111111111111111111111111111111110000000000000000000000000000001111110000000000000111111100011111111111100000000000000000000000000000011111111110000000001000000000001110000000000000011111111000000000000000000000000011111111111111100000000000001110000000010000000000001100000000000000011111100000000000000000011000000000000001111111111110101011
1111111101111111111110000000000000000000001111111111111111111111111111111111111111111111100000000001110000000000000000001111110000000000000011111111111111111111100000000000000000000000000000001111111110000000000000000000011111100000000000001111111000000000000000000000000011111111111111100000000000001110000000011000000000111100000011000000001111100000000000000000011000000000000000011111111111111111
1111111111111111111110000000000000000000001111111111111111111111111111100001111111111111111000000001111000000000000000011111111000000000000011111111011111111111000000000000111101000000000000011111111111000000001000000000011111111000000000000111111100000000000000000000000011111111100011100000000000001100000000011010101011111100001111100000001111100000000000000000011000000000000000000111111111111111
1111111111111111111100000000000000000000000111111110101111111110111111000000011111111111111100000111111000000000000000111111110000000000000111111100011111111111100000000000111111111100000000001111111111000000011000000000011111111100000000000011111100000000000000000000000001111111100011100000000000011100000000011111111111111000001111110000000111100000000000000000011000000011100000000000000111111111
1111000011111111111100000000000000000000000000101000001111111000111110000000011111111111111111111111111100000000000001111000000000000000000111110000001111101111000000001011111111111111000000011111111111000000111110000000011111111110000000000011111110000000000000000000000011111111000001110000000000011000000000001111111111111110111111111000000001000000011100000000011000000111110000000000000011111111
1111000011111111111000000000000000000000000000000000000111111000001111000000001111111111111111111111111100000000000001100000000000000000011111000000011110001111100000111111111111111111110000001111111111100001111110000000011111111110000000000001111110000000000000000000000001111111100011110000000000111100000000001111111111110001111111111100000000000000111110000000111000000111111000000000000001111111
1110000001111111110000000000000000000000000000000000001111110000001110000000111111111111111111111111111111000000000011100000000000000000011110000000001111000111100011111111111111011111111000011111111111000001111111000000011111111110000000000001011111000000000000000000000011111111101011111000000000111000000000000111110101011111000111111110000000000001111111000000011000001111111000000000000000111111
1111000001111111110000000000000000000000000000000000000111100000000111000000111111111111111100001111111111000000000011000000000000000000111000000000011111011111111011110111111100011111111000001111111111110111111111000000011111111110000000000000011111000000000000000000000001111111111111111100000000111100000000000011110000000000000011111110000000000000011111100000111000001111111000000000000000011111
1111000111111111110000000000000110000000000000000000001111100000000110000011111111111111110000001111100011110000000111100000000000000000111000000000001111111111111111110001111110001111110000001111111111111100000011100000011111111100000000000000000111100000000000111000000000111111111111111100000000111101000000000011000000001110000011111111000000000000001111110000011100011111111000000000000000011111
1111110111111111110000000000001110000000000000000000011111100000000111101111111111111111111000000111000000110000000111100000000000000000010000000000011111111111111111100001111110111111110000000111111111111110000011000000011111111100000000000000000111110000000000110000000000000000111111111110000000011111110000000001100000000000001111111111000000000000000011111000111111011111111000000000000000001111
1111111110000111110000000000001111100000000000000000111111100000000011111111111111111111110000001111000000000000000111100000000000000000110000000000001111111111111111111000111111111111100000000111111111111110000001110000111111111000000000000000000001110000000011111000000000000000001111111110000000011111111000000011000000000111101111111110000000000000000000111110111111111111111000000000000000001111
1111111110000111110000000000001111100000000000000011111111110000000011111111111111111111000000011111000000000000001111111011100000000000100000000000001111111111111111111011111111111111100000000011111111111111000011111111111111111100000000000000000001111110101011111000000000000000011111111100000000001111111000000001100000000111111111111110000000000000000000001111111111111111111000000000000000000111
1111111000000011110000000000001111110000000000000011111111110000000011111111111111110000000000111111000000000000011111111111111000000011100000000000000111111111111111111111111111111111000000000001111111111111000001111111111111111000000000000000000000011111111111111000000000000000001111111100000000001111111000000011100000011111111111111100000000000000000000001111111111111111110000000000000000000111
1111111000000011111000000000001111110000000000001111111111110000000011111111111111110000000000111111000000000000011111111111111111111111110000000000000011111111111111111111111111111111000000000001111111111111100000010101011111111100000000000000000000000111111111111100000000000000111111111000000000000011110000000001110000011111111011111000000000100000000000000111111111111111111000000000000000000111
1111111000000001110000000000111111110000001010101111111101010000000011111111111111100000000000111111100000000000111111111111111111111111100000000000000001111111010111111111111111111111000000000000111111111111000000000000000111111000000000000000000000000001111111111100000000000000111111111000000000000011111000000011111111111111100011110000000000111000000000001111111111111111110000000010000000000111
1101010000000000000000000000111111000000111111111111110000000000000011111111111111110000000000011111000000000000011111111000000000111111111000000000000000111100000111111111111111111110000000000001111111111111000000000000000111111110000000000000000000000011111111111110000000000111111111111100000000000000110000000001111111111111110001100000000000111000000000000111111111111111111000001111100000000111
1100010000000000000000000011111000000000111111111110000000000000000011111111111111110000000000111111100000000000011100000000000000001111111111000000000000111110000011111111111111111110000000000001111111111110000000000000000001111111111000000000000000000011111111111111000000001111111111111000000000000000111000000011111111101011110111000000000000011100000000001110111111111111110000011111111000001111
1000000000000000000000000011100000000000111110101000000000000000000011111111111111110000000000011111100000000000000000000000000000000010101111110000000000111100000011111110000111111100000000000111111111111100000000000000000011111111111100000000001111111111111111111111100000001111111111100000000000000000111000000011111111100001111111000000000000011110000000011110001111111111110000001111111110101111
1000011000000000000000000011100000000000111000000000000000000000000011111111111111111000000000111111111000000000000000000000000000000000001111110000000000111110000011111100000001110000000000001111111111111110000000000000000011111111111000000000111111111111111111111111110000011111111111100000000000000000011100001111111111000000011111000000000000011110000000011000011111111111000000001111111111111111
1000011100000000000000000000000000000000111000000000000000000000000111111111111111110000000000111111111100000000000000000000000000000000000111111000000001111110000001111000000000000000000000011111111111111100000000000000001111000000010000000011111111111111111111111111111000011111111111000000000000000001111110001111111111100000011111000000000000011110000000111000001111111000011100000111111111111111
1100111100000000000000000000000000000000010000000000000000000000001111111111111111111000000000111111111100000000000000000000000000000000011111111000000011111111000001110000000000000000000000001111111111111110000001000000001100000000000000001111111111111111111111111111111101111111111111100000000000000111111111111111111111000000000111100010000000011100000000100000011111111000001110000111111101111111
1111111100000000000000000000000000000000000000000000011100000000001111111111111111111000000011111101111100000000000000000000000000000000011111110000001111111111000000000000000000000000000000011111111111111110000111110000000000000000000101111111111111111111111111111111111111111111111111100000000000001111111111111111111010000000000111111111000000011100000001100000011111100000111110000011110001111111
1111111100000000100000000000000000000000000000000000111110000000001111111111111111111110101011111100011100000000000000000000000000101011111110100000001111111111100000000000000000000000000000011111111111111111111111110000000000000000000111111111111111111111111111111111111111111111111111110000000000001111111111111111111000000000000011111111100000011100000001100001111111110000111100000111111000111111
1111111100000001110000000000011000000000000000000000011100000000001110000000000000000111111111110000011110000000110000001110101011111111111110000000001111111111100000000000000000000000001111111111111111111111111111110000000000000000011111111111111111111010111111110101111111111111111111111000000000001111111111111111100000000000000011111111100000001100000011111011111111110011111000000011110001111111
1110111110000011100000000001111100000000000000000000111111000000001110000000000000000001111111110000000111111111111100111111111111111111111100000000000111111111000000000000000000000000001111111111111111111111111111100000000000000000011111111100000111110000001111110001111111111111111111111000000000011111111111111111100000000000000011111111100000001100000011111111111111111111110000000111111101111111
1110001110000001110000000011111000000000000000000000011111000000001100000000000000000001111111110000000001111111111111111111111111111111111100000000000111111111000000000000011000000000001111111111111111111111111111100000000000000001111111111000000001000000001111000000010101111111111111110000000000111111111111111110000000000000000001111111100000000110000111111111111111111111110000001111111111111111
1100000111000001100000000011111000000000000000000000011111110000011100000000000000000000011111110000000000000000011111111111111100000001111000000000000011111110000000000000111100000000000111111111111111111111111111100000011101010111111111100000000000000000001111000000000000011111111111000000000001111111110111111110000000000000000001111100100000000111010111111111111111111111111000011111111101111111
1100000011000000110000000011110000000000000000000000001111110000111110000000000000000000011111110000000000000000001111111111111100000000111000000000001111111110000000000000111110000000000111111110000000011111111111100000111111111111111111100000000000000000000111000000000000000111111100000000000011111111110111111100000000000000000000011100000000000011111111111111111111111111111111111111110001111111
1110000011100000000000000011100000000000000111100000001111111111111110000000000000000000001111110000000000000000001111111111111000000000010000000000001111111000000000000000111111000000000011111000000000011111111111110001111111111111111110000000000000000000001111000000000000000001111110000000000111111111000011111100000000000000000000010000011000000000111111111111111111000000011111111111111000111111
1111000111100000000000000000000000000000011111110000000111111111111111101010010100000000011111111000000000000000011111111101111100000000000000000000011111111000000000000011111111100000000011111100000000001111111111111111111111111111111110000000000000000000000111000000000000000000011100000000001111111111100111111000000000000000000000000100011000000000000000000011111111000000000011111111111011111111
1111111111110000000000000000000000000000011111110000000001011111111111111111111111000000001111111000000000000000111111110000111000000000000000000000111111100000000000000011111111100000000011111100000000001111001111111111111111111111111000000000000000000000001111000000000000000000011100000000000111111111000011110000000000000000000000001101111100000000000000000001111110000000000000111111111111111111
1111111111100000000000000000000000000000011111110000000000000111111111111111111111110000001111111000000000000001111111110000011100000000000000000000111111100000000011111111111111110000000011111110000000001111101111111111111111111111111100000000000000000000001111100000000000000000001100000000011111111111110111000000000000000000000000001111111000000000000000000001111111000000000000000011111111000111
1111111111100000000000000000000000000000011111100000000000000111111111111111111111111000001111111110101010101011111111100000011100000000000000000000111111000000001111111111111111110000000011111111000000001111111111111111111111111111111100000000000000000000001111110000000000000000000000000000011111111111111100000000000000000011000000001111111100000000000000000011111111000000000000000001111100000001
1111110101000000000000000000000000000000011111000000000000000001111111111111111111110000001111111111111111111111111111000000011110000000000000000000111111110000111111111111111111111000000011111111000000001111111111111111111111111111111110000000000000000000001111111010101000000000000000000000111111100011111110000000000000000111100000001111111000000000000000000011111111100000000000000000111100000011
1111110000000000000000000000000000000000011110000000000000000001111111111111111111110000001111111111111111111111111110000000011110000000000000000000011111111111111111111111111111111000000011111111000000001111110101111111101011111111111110000000000000000000001111111111111110000000000000000001111110000001111100000000000000000111100000000111111110000000000000000000011111100000000000000001111000000001
1111000000010111000000100000000000000000001100000001010000000000111111111111111111100000000111111111111111111111111111000000011110000000000000000000011111111111111111111111111111111100000011110000000000011111110000111111100011111111111111000000000000000000011111111111111111100000000000000001111111000001111111000000000000001111110000000111111111111100000000000000001111100000000000000000111000000011
1111000000011111110001100000000000000000001100000011111100000001111111111111111111100000001111111111111111111111111110000000001110000000000000000000000111111111111111111111111111111100000111000000000000011111000000011110000001111111111111000000000000000000011111111111111111100000000000000001111111000000111111000000000000001111100000000111111111111111000000000000000111100000000000000001111000000001
1111000000111111111111100000000000000000000110000001111110000000111111111111111110000000000111110000001111111111111111000000001100000000000000000000000111111111111111111111111111111110001111000000000000111111000000011111000001111111111111100000000000000001111111111111111111111000000000000001111111101011111111110000000000011111100000000011111111111111000000000000000111100000000000000101111000000011
1111000000111111111111000000001000000000000111000001111111000001111111111111111110000000000001000000000011111111111111000000000000000000000000000000000011111111111111111111111111111111111100000000000000111100000000011111000000111111111111000000000000000011111111111001111111111000000000000111111111111111111111111000000000011111000000000111111111111100000000000000000011100000000000011111111000000011
1110000000111111111111000000111110000000000111100000011110000001111111111111111100000000000000000000000111111111111111000000000000000000000000000000000001110101111111111111101111111111111100000000000001111100000000011111110000111111111110000000000000001111111111100000011111111111010111010111111111111111111111111000000000011111000000000011111111110000000000000000000011100000000000111111111000000011
1110000000111111111110000001111110000000000111110000011111000001111111110111111100000000000000000000000111111111111100000000000000000000000010000000000000000000011111111111100011111111111100000000000000111000000000011111110000011111111100000000000000001111111111100000111111111111111111111111111111000001111111110000000000011111000000000111111111110000000000000000000001100000000000111111111100000011
1110000000111111111100000000111110000000000111111100001111010111111111000111110000000000000000000000011111100011111100000000000000001000000111100000000000000000111111101111000111111111111100000001100011111000000001111111111100011111110000000000000000000001111110000000111101111111111111111111111111000000111111111000000000011111000000000111111111111000000000000000000001111000000000111111111000000011
1110000000111111111110000000111110000000000111111100111111111111011111100011110000000010000000000000011111000000110000000000000000111110000111110000000000000000011110001111110111111111111100000111111011111100000001111111111110001111110000000000000000000000111111000000111100011111111111111111111110000000111111111010000000111111100000111111111111111100000000000000000001111000000000111111111100000011
1110000000111111111110000000011110000000000111111111111111111100011111100111000000000011000000000001111111000000110000000000000000111110001111110000000100000001111111000111111111111111111100000111111111111110000111111111111110011111110000011100000000000000111110000011111000111111111111111111111111000001111111111111101011111111101011111111111111111110001111000001100011111110000000111111111100000011
1111000001111111111111110001111111000000011111111111111111111110001111111111100000001111100000001011111111100000100000000000000011111111111111111100011111010111111111011111111111111111111110011111111111111111111111111111111111111111111001111100000000000001111111100011111110111111111111111111111111010111111111111111111111111111111111111111111111111111111111110111111011111110000011111111111111000111
1111010101111111111111111111111111010101011111111111111111111110111111111111101010101111111111111111111111101011111111111111111111111111111111111101011111111111111111111111111111111111111111111111111111111111111111111111111111111111111111111111111111111111111111111111111111111111111111111111111111111111111111111111111111111111111111111111111111111111111111111111111111111111101011111111111111010111
